.__C__imbens <-
<S4 object of class structure("classRepresentation", package = "methods")>
`.__T__summary:base` <-
<environment>
.Random.seed <-
c(403L, 10L, -2090941168L, -391214354L, 1830237849L, -757237973L, 
-181128678L, -1905012516L, -327381793L, -1854981451L, -568284084L, 
-34459486L, -714969091L, -338981641L, -963511778L, -1000696616L, 
-143734725L, -1486605863L, -512301208L, -1285297514L, -1223650287L, 
1294468547L, -1840641582L, -1770684316L, -1206992985L, -1661071107L, 
1964459252L, -416226342L, -614443227L, 1715461695L, -374798906L, 
-1577196976L, -640172429L, 1807954577L, -2048775488L, 1085230238L, 
251764841L, 931388571L, -63957590L, -2077108788L, 1428428943L, 
1583306949L, -85370756L, -2008410926L, -1509315507L, 1206623495L, 
-1348665106L, -1534078520L, -726403381L, -1928640727L, 1181372280L, 
-183864154L, 1743902401L, 1990455123L, 1248824322L, 1069447476L, 
1244091063L, -1397264723L, -505774140L, -1201600534L, 1755367509L, 
-992881169L, 259988982L, -1510913248L, 1036256483L, -687996543L, 
486938608L, 1023407758L, 283499001L, 1983419275L, -996474950L, 
1448292028L, -761354753L, -1868872875L, 1556706412L, -1677594430L, 
-1063390435L, -2133882473L, 36434174L, 197788344L, 2115951771L, 
513207033L, -490349496L, -700350602L, -270234959L, -2016023837L, 
-176666190L, -1834681852L, -1170067129L, -595502051L, -483216748L, 
-1991558598L, -290458491L, 1522829663L, -699422234L, -453937040L, 
907463571L, 1536023601L, 1145205472L, -1047133314L, -1768244727L, 
216977979L, -530093046L, -1316195348L, -403154833L, 1107064741L, 
-1056047268L, 2026611506L, -986813907L, 341657831L, -1745024498L, 
-1470433304L, -787969557L, -205596023L, -1627024872L, 1054759238L, 
6461345L, 208214579L, -67872862L, 1141723796L, 1244432663L, 1139160845L, 
757755428L, -134457846L, -67498123L, 1671936719L, 153271766L, 
399085952L, -1961776701L, 1793302369L, -2057992752L, 2005177646L, 
194282713L, 1023319787L, 573905754L, 987159836L, 1509366815L, 
824508533L, -433849076L, 1452314850L, -52946499L, -467608009L, 
1489605854L, -2111287272L, -740741253L, -1923698919L, -826371160L, 
1472144214L, -125363247L, 2115792771L, 371481106L, 1459768740L, 
-1535985305L, 2062902973L, 1548717620L, -1610459750L, 1638355429L, 
-660415105L, -1818389242L, 137604752L, -799054029L, -747293487L, 
1129574016L, -1961543842L, 1112265897L, 622880603L, -493773462L, 
-195186676L, 1885546575L, 1806336261L, -1802077764L, -1793266542L, 
-483698803L, -1815916601L, -1679444818L, -2072103672L, -59137269L, 
397463017L, -984900936L, 1631993190L, -164661759L, -2072108909L, 
-1679582398L, -706685708L, 1382695159L, -177227539L, 943356804L, 
900158890L, 930728725L, -1549354577L, -485688906L, 1741758432L, 
86552355L, -508051391L, -1898996944L, 177574222L, 819741625L, 
1059272139L, 1511949946L, 508930940L, -752819265L, 652889237L, 
-1015606612L, 384487554L, 72441949L, -178055337L, 1078168126L, 
428342904L, 1671961947L, 142593209L, -1884691192L, 1687218102L, 
1727515889L, 1123519267L, -1564652174L, -1469585468L, -1915534457L, 
-945352355L, 1184829268L, -756476550L, 1391063237L, 1891521055L, 
1877415334L, 1423660848L, 1072618963L, 1450208241L, 1506561312L, 
-1143223362L, -1417657399L, 1169442856L, -1416013556L, -918117444L, 
-543763150L, 853119424L, -65088972L, 1479354312L, -471608134L, 
1445493136L, -91774484L, 1321111124L, -162181998L, 399735584L, 
-1651936820L, 939658720L, -1711055166L, 602734632L, -1687408980L, 
1271476412L, 935441906L, 805776688L, -2062953308L, 513512120L, 
-1828419238L, -214011504L, -1066467460L, 1746909460L, 375947074L, 
2055020288L, -259202116L, 912034640L, 819965730L, 460703048L, 
291571212L, -796643236L, 2098862290L, 895108608L, -872199852L, 
-1287670296L, 114750458L, 751746256L, -1393956564L, 1446467316L, 
189584786L, 1605107808L, -2047343348L, 2050757344L, -1498892958L, 
-394057048L, -105737652L, -1001542276L, 182366514L, -541584L, 
961749828L, -415827496L, -159069062L, 94871088L, -983715140L, 
-444535980L, -2096177086L, -1890358880L, -519792964L, -1233922608L, 
-1948717726L, -82272280L, 1653272524L, -1499268356L, 925724146L, 
647210112L, 1396252916L, 226034312L, -1714863302L, -1528873136L, 
-931384724L, 399571092L, -209755822L, -765319456L, 697474764L, 
-95600480L, 247064450L, 487941864L, -934732052L, 1839775804L, 
-695153038L, 1471831152L, -1033715164L, 352194616L, -1004595174L, 
1041094352L, -1034445764L, 935462036L, 753494146L, 374607808L, 
-2019759812L, -277590384L, 875038754L, -85456888L, -1974584180L, 
953054236L, 178422418L, 1118957696L, -1796004844L, 681173288L, 
1355651642L, 598611152L, 803568748L, 1293450932L, 1973086226L, 
1577644000L, -1523004468L, 953927136L, -76932574L, 1725748520L, 
1467247884L, -1353218500L, 1034164466L, 1877796592L, 58703684L, 
-372259240L, 1767918138L, -1419260176L, -1412056900L, 1067178516L, 
786963650L, -1972786080L, 1326288252L, 1972967632L, 1233570850L, 
217851560L, 623324044L, -286009924L, 154543154L, -986837184L, 
587769012L, -1140629688L, 324039354L, 2124103440L, 1416873196L, 
177056852L, -1881690350L, -1228382304L, -878124084L, 332684128L, 
-1808292670L, 1537064488L, 83197356L, 970287932L, 582784882L, 
-1655668944L, 1616721444L, 289500216L, 1875716314L, -1388429936L, 
-242033924L, -1881218156L, -34447550L, 818365952L, 1322659388L, 
1688932944L, -62628190L, -1388950712L, -896097780L, -1593386788L, 
339171922L, 19363968L, -1112620204L, -1588769304L, 2126647034L, 
1234471760L, -690238420L, 973027700L, -1097918830L, 49077856L, 
-1210173812L, 530945888L, 1009722082L, 553898152L, 1976753356L, 
58692092L, -1842141262L, 1321683440L, -149473852L, -1283706024L, 
-158331014L, -962763344L, 400285116L, -691442604L, -1080373310L, 
517936928L, 577545148L, -335765936L, -832448030L, 1353049448L, 
934696268L, -1555104516L, 551609074L, -1142158592L, 1300229748L, 
155909128L, 247269818L, 468413392L, 1257018860L, -626786412L, 
-1280225582L, -406238624L, 1194054988L, -2082172640L, 119711362L, 
550454760L, 430267372L, -2062738884L, 1806345842L, 1938725744L, 
-355469020L, 1573513784L, -812668518L, -1923961392L, -823079492L, 
-493099884L, 1721880706L, -443206208L, 937658172L, -2114103152L, 
1047464738L, -652557816L, -1142193908L, 1470114204L, 1794031937L, 
1064482758L, -1045934844L, 2125653173L, 223609759L, 1111124984L, 
2078402006L, 1746639971L, 163383333L, 1890070466L, 489661616L, 
437063897L, 1840645707L, 1821318332L, 182117098L, 703529759L, 
95447977L, 1621179710L, 1326777388L, -1453825411L, 1761115335L, 
294930864L, 2131694542L, 1710788859L, -834939043L, 346928266L, 
1264386728L, -724292079L, 2057592579L, 532625924L, 755606066L, 
-159841657L, 135435985L, -721682346L, -1540800460L, -1978473659L, 
269300111L, 1520957704L, -92724442L, -2044494893L, 141499701L, 
1500322962L, 118248544L, -541920823L, 1462249723L, 1821365964L, 
186018650L, 2135682639L, -1956975847L, 626865454L, -1974628548L, 
-909202259L, -331858089L, -911764832L, -886146050L, 1072585419L, 
1163754701L, 1967038458L, -1706585032L, 1772344801L, -946020717L, 
1775922356L, -1018317374L, 1060472279L, -26301919L, -1381033498L, 
-210554652L, -2071998443L, 1821593663L, -1983823912L, 1575404022L, 
1889206787L, -304229051L, 1446576482L, 1531267792L, 1246160377L, 
-1444459221L, -1400795492L, -1281680182L, -932039233L, 1665878281L, 
955935262L, 1440163788L, 1790678429L, 1818169383L, 1019215440L, 
506448622L, 837333915L, 1711727101L, 313152746L, 1601249160L, 
-1089930959L, 1654311331L, 1319026084L, -1511808942L, -1934838873L, 
-317455L, 713065270L, 420057044L, -484444827L, 23591279L, 1999471528L, 
1016965382L, -830273485L, 644570773L, -1729415438L, 1033193280L, 
-1435593559L, 1698539803L, 420474604L, 1548964602L, 709229359L, 
2125095737L, -1708952242L, -1148189796L, -276592371L, 1432374135L, 
-292888704L, -1960620578L, -1234210133L, -718967379L, 1406698010L, 
1013601496L, -862250687L, -1781808653L, -735049708L, 1536478626L, 
-86848841L, 1530291329L, -1470917498L, -317730620L, -760091147L, 
